每幅图像的标定误差：
第1幅图像的平均误差：0.0677836像素
第2幅图像的平均误差：0.109899像素
第3幅图像的平均误差：0.177411像素
第4幅图像的平均误差：0.0539112像素
第5幅图像的平均误差：0.0903293像素
第6幅图像的平均误差：0.073768像素
第7幅图像的平均误差：0.133343像素
第8幅图像的平均误差：0.137356像素
第9幅图像的平均误差：0.0736278像素
第10幅图像的平均误差：0.136871像素
第11幅图像的平均误差：0.100618像素
第12幅图像的平均误差：0.0940662像素
总体平均误差：0.104082像素

相机内参数矩阵：
[567.2733765466603, 0, 336.870886487923;
 0, 756.3462334726814, 270.3159329131231;
 0, 0, 1]

畸变系数：
[-0.2259493955402984, 1.121560654826262, 0.004311709847874071, -0.002352836370187571, -2.592613059965977]


第1幅图像的旋转向量：
[25.74461077645496;
 -24.63260367611425;
 217.6074173535371]
第1幅图像的旋转矩阵：
[0.8312074679478515, -0.5543141976321445, -0.04277751197946339;
 0.549850416076571, 0.8310103083160761, -0.08418068313361295;
 0.08221110124638298, 0.04645037971698238, 0.9955318664191544]
第1幅图像的平移向量：
[-0.009907836486768148;
 3.003686881266636;
 -0.04759824037077111]

第2幅图像的旋转向量：
[18.83312279151329;
 -13.16907072841714;
 221.2714343507732]
第2幅图像的旋转矩阵：
[-0.8169948104956442, -0.5637864631828184, 0.1210962573946661;
 0.545443273519759, -0.8236978900917392, -0.1549626446291709;
 0.1871125730549289, -0.06055253743837535, 0.9804704356657257]
第2幅图像的平移向量：
[0.410357233575588;
 -3.131443688031023;
 -0.06867222341253795]

第3幅图像的旋转向量：
[13.45341497379078;
 -42.81428716919837;
 235.7355330802774]
第3幅图像的旋转矩阵：
[0.3566104153162192, -0.9249839264960702, -0.1312773682395645;
 0.9120723040990055, 0.3751268640594302, -0.1655413783815666;
 0.202368781642636, -0.06070067202964335, 0.9774263678823202]
第3幅图像的平移向量：
[-0.09168517181000556;
 3.052808607956043;
 -0.4528910707802613]

第4幅图像的旋转向量：
[-46.26310551812829;
 -6.635364348436975;
 214.390928234232]
第4幅图像的旋转矩阵：
[0.889588591694814, 0.4566598332030075, -0.009691969120817403;
 -0.4551864528141517, 0.8845578993398893, -0.1017969345799385;
 -0.03791346331987486, 0.09496904471670574, 0.9947579855646743]
第4幅图像的平移向量：
[3.077769222132848;
 0.1277224682420045;
 -0.0882537639575206]

第5幅图像的旋转向量：
[-54.38703503619598;
 11.57989563388804;
 191.2313527862041]
第5幅图像的旋转矩阵：
[-0.2333787940300683, 0.8843373411227046, -0.4043288334921172;
 -0.9266644625738566, -0.3282711423823416, -0.1831148024647323;
 -0.2946647456004475, 0.3319420494228137, 0.8960955102695282]
第5幅图像的平移向量：
[-2.833581806388116;
 -0.05164639591967701;
 0.08263195887435892]

第6幅图像的旋转向量：
[-32.96490369390254;
 19.39247687923503;
 245.61800977302]
第6幅图像的旋转矩阵：
[-0.8902872368257829, 0.3576322635664387, -0.2819358082994382;
 -0.3974451454544125, -0.9124153276588863, 0.09765053101672211;
 -0.2223195724623298, 0.1989910397718255, 0.9544509279112749]
第6幅图像的平移向量：
[-2.958854044710179;
 -0.008031357036774392;
 0.7713644255762192]

第7幅图像的旋转向量：
[-64.02021558463231;
 2.344617745945996;
 227.9880686020711]
第7幅图像的旋转矩阵：
[-0.2642660733668468, 0.8930422382566059, -0.3641963799338208;
 -0.9003433247286612, -0.3638111287145791, -0.2387956453538556;
 -0.3457532936702249, 0.2647961920289934, 0.9001875563476399]
第7幅图像的平移向量：
[-2.813191227827534;
 -0.5528752176521738;
 0.4246644362864503]

第8幅图像的旋转向量：
[-2.896554331345955;
 -0.6232430933159633;
 206.7212359484025]
第8幅图像的旋转矩阵：
[0.8238723116421734, 0.5667749446264462, -0.0007591133448864018;
 -0.5667600639507845, 0.8238393332050785, -0.008472483385314046;
 -0.004176603869681562, 0.007410479599902302, 0.9999638197316016]
第8幅图像的平移向量：
[-3.058737048616451;
 -0.1019799893732915;
 0.08925184592108064]

第9幅图像的旋转向量：
[53.46176380514192;
 -26.4250884060583;
 203.3660514856706]
第9幅图像的旋转矩阵：
[-0.0557126253181458, 0.9163022457118416, 0.3965933659097134;
 -0.9872285131043443, -0.1099309349550477, 0.1153041736178473;
 0.1492513527374057, -0.3851043807117039, 0.910724244578297]
第9幅图像的平移向量：
[-0.3249695276256132;
 -3.03080571215574;
 -0.4123253523062522]

第10幅图像的旋转向量：
[53.24715289496515;
 -30.23388470575742;
 231.4804839846568]
第10幅图像的旋转矩阵：
[0.7878865580953567, -0.6150124422197109, -0.0315351785724927;
 0.6024806401630804, 0.7804090081246773, -0.1672688203657285;
 0.1274827431511304, 0.1127895205806119, 0.9854068572147541]
第10幅图像的平移向量：
[-0.01875021916380463;
 -3.014158486493035;
 0.4881600740045139]

第11幅图像的旋转向量：
[50.59882996994554;
 -20.407057190836;
 179.1083851943825]
第11幅图像的旋转矩阵：
[0.3549787042371401, 0.8907841103600187, 0.283714272232172;
 -0.9317753924940139, 0.3124263470262443, 0.1848902258813679;
 0.07605746170329025, -0.3299900701747657, 0.9409154138950567]
第11幅图像的平移向量：
[0.08328654915450778;
 -2.632703586698445;
 0.3832224098012316]

第12幅图像的旋转向量：
[30.51729928503037;
 -39.92452401988818;
 209.3209634524054]
第12幅图像的旋转矩阵：
[-0.04788369685148507, -0.9981447224805511, -0.03760670897670719;
 0.941912564103358, -0.03259181190831452, -0.3342730850379231;
 0.3324272449124359, -0.05142846274930566, 0.9417256713391491]
第12幅图像的平移向量：
[0.1455766638437249;
 2.795146544293187;
 0.4018509076356325]


