每幅图像的标定误差：
第1幅图像的平均误差：0.0827372像素
第2幅图像的平均误差：0.111886像素
第3幅图像的平均误差：0.181512像素
第4幅图像的平均误差：0.0577337像素
第5幅图像的平均误差：0.089839像素
第6幅图像的平均误差：0.0877961像素
第7幅图像的平均误差：0.11658像素
第8幅图像的平均误差：0.138137像素
第9幅图像的平均误差：0.0748725像素
第10幅图像的平均误差：0.0804031像素
第11幅图像的平均误差：0.0967998像素
第12幅图像的平均误差：0.123949像素
总体平均误差：0.10352像素

相机内参数矩阵：
[557.2849024971209, 0, 337.268962757877;
 0, 743.3587726188066, 257.4605083419099;
 0, 0, 1]

畸变系数：
[-0.2241285484037259, 0.7172923790896694, -0.0001011891869011403, 0.003138849338617156, -1.072943764484336]


第1幅图像的旋转向量：
[-4.76745708186735;
 -23.75402071260185;
 215.1210939562876]
第1幅图像的旋转矩阵：
[-0.957638761145222, -0.2782722099111942, -0.07411194467415372;
 0.2877380066990907, -0.935006828010752, -0.2072898238556493;
 -0.01161217693107511, -0.2198335933482695, 0.9754682714381382]
第1幅图像的平移向量：
[-0.01167442188039278;
 2.964966218749354;
 -0.01577925022120491]

第2幅图像的旋转向量：
[-11.77964199298612;
 -12.11279778672923;
 219.4635099244564]
第2幅图像的旋转矩阵：
[0.9798319774769552, -0.1994570161380496, -0.0120910970100038;
 0.1995761469977448, 0.979835300440615, 0.009599247886380701;
 0.009932646330866712, -0.0118187445930364, 0.9998808228049534]
第2幅图像的平移向量：
[0.4228946220851378;
 -3.173674219781998;
 -0.09509742023310877]

第3幅图像的旋转向量：
[-17.70285713882373;
 -41.69219859872653;
 233.6014820375403]
第3幅图像的旋转矩阵：
[0.6921015196110288, 0.714247714283385, 0.1041426386887946;
 -0.7061759878209996, 0.699892765274607, -0.1070775015645187;
 -0.1493685401185278, 0.0005654707986107845, 0.988781431594281]
第3幅图像的平移向量：
[-0.07599626066790677;
 2.998352685826285;
 -0.4589020844992046]

第4幅图像的旋转向量：
[-76.76109530416693;
 -5.781402430168631;
 209.9772988698321]
第4幅图像的旋转矩阵：
[-0.615319521959474, 0.5384889499629181, -0.5756835386420203;
 -0.505996010495265, -0.8298042450022964, -0.2353570741215239;
 -0.604441827853136, 0.1464737715224223, 0.7830680117317763]
第4幅图像的平移向量：
[3.071762230930102;
 0.1245857969772951;
 -0.03684249169352563]

第5幅图像的旋转向量：
[-84.0218309884547;
 12.3431483633123;
 186.7425871969977]
第5幅图像的旋转矩阵：
[-0.3215450983099772, 0.6972243668390925, -0.6406925409575593;
 -0.7754862160587519, -0.5821672144763651, -0.2443408747870661;
 -0.543350603621369, 0.4182816236396916, 0.7278809001956557]
第5幅图像的平移向量：
[-2.825710854947483;
 -0.05719634726069985;
 0.03654704246404565]

第6幅图像的旋转向量：
[-64.37207260665275;
 20.37582692372411;
 241.6486800640903]
第6幅图像的旋转矩阵：
[0.9176619722647091, 0.3935210126032672, -0.05511549055341496;
 -0.3971938143353463, 0.9124416259467275, -0.09842435213620054;
 0.01155761709795128, 0.1122118170220567, 0.9936170940596915]
第6幅图像的平移向量：
[-2.974437756070902;
 -0.009320503038878457;
 0.7257919349844032]

第7幅图像的旋转向量：
[-94.89006784875609;
 3.50733721929708;
 222.7651362568353]
第7幅图像的旋转矩阵：
[-0.6653518151840084, 0.2216361388278978, -0.712870524006152;
 -0.2439683734358428, -0.9670354009777076, -0.07295180613907699;
 -0.705539789660664, 0.1253792455765511, 0.6974909676721556]
第7幅图像的平移向量：
[-2.824401009037788;
 -0.5564534249411721;
 0.3796938078201758]

第8幅图像的旋转向量：
[-33.26424230245679;
 0.1506228669116932;
 203.9955093449734]
第8幅图像的旋转矩阵：
[0.7982598084699633, 0.601389796620843, -0.03334052641813825;
 -0.601438375726859, 0.7928957025608739, -0.09791978892714029;
 -0.03245240182998967, 0.09821770400920174, 0.9946356741212461]
第8幅图像的平移向量：
[-3.092446954151189;
 -0.1081528291782073;
 0.05747937000670704]

第9幅图像的旋转向量：
[23.26707505078068;
 -25.53688637878282;
 202.2038107756819]
第9幅图像的旋转矩阵：
[-0.5770687917442894, 0.7677674140882768, 0.2784327700881965;
 -0.812884331160316, -0.5728630314212217, -0.1051047638546131;
 0.07880782796671705, -0.2869863151704081, 0.9546874782650498]
第9幅图像的平移向量：
[-0.3233801605149725;
 -3.059385247649821;
 -0.4197359366511658]

第10幅图像的旋转向量：
[22.29090986823403;
 -29.20388519563798;
 231.1094691017965]
第10幅图像的旋转矩阵：
[0.04597353180176936, -0.9983591351028855, -0.03413900599446866;
 0.9754692605115755, 0.05223207609601423, -0.2138493208399327;
 0.21528157415504, -0.02347014237960316, 0.9762699402552603]
第10幅图像的平移向量：
[-0.02720566232856054;
 -3.050631982750533;
 0.5135948063857695]

第11幅图像的旋转向量：
[21.12615520083224;
 -19.56922417092433;
 178.5243496676878]
第11幅图像的旋转矩阵：
[0.2003394826068139, 0.9591438045471847, 0.1997680002092078;
 -0.9796435050348644, 0.1987686210131212, 0.02810050432906719;
 -0.012755185292257, -0.2013310644170297, 0.9794402012113176]
第11幅图像的平移向量：
[0.07804394439251344;
 -2.662967172309544;
 0.396496493574716]

第12幅图像的旋转向量：
[-0.03198296791754894;
 -39.29536087116335;
 208.4685227359085]
第12幅图像的旋转矩阵：
[0.08210118256049248, 0.9794025978151553, 0.1844720770607137;
 -0.9793513304535039, 0.1135955727565308, -0.1672334218661673;
 -0.1847440590685407, -0.1669329124020812, 0.9685055680768379]
第12幅图像的平移向量：
[0.1416981774301694;
 2.766836450669253;
 0.3732031691258652]


